394
882
883
1140
1148
2110
2850
3055
3218
3694
3702
3847
4081
4113
4513
4533
4538
4555
4558
4577
4787
4896
4929
4932
4950
4952
4956
5057
5059
5061
5062
5085
5141
5180
5270
5297
5518
5661
5664
5691
5759
5762
5786
5811
5821
5825
5833
5850
5855
5911
6183
6238
6239
6334
6945
7029
7070
7091
7159
7165
7176
7217
7222
7227
7237
7244
7245
7260
7425
7460
7668
7719
7739
7897
7955
8083
8090
8128
8364
9031
9103
9258
9305
9483
9544
9593
9598
9601
9606
9615
9646
9669
9685
9739
9785
9796
9813
9823
9913
9986
10090
10116
10141
10228
13616
13684
13735
15368
28377
29760
30608
30611
31033
31964
32049
32051
33169
33178
35128
36630
36870
37692
39416
39946
39947
40041
40559
41431
43179
43989
44689
45157
45351
51453
52598
56780
59196
59374
59463
59689
59729
59919
61853
62928
62977
63737
64091
64471
65393
66692
69014
69293
70448
70601
71421
74546
74547
76114
76869
78245
79929
83332
83406
84588
85643
85962
85963
87626
88036
89187
93059
93060
93061
93062
94122
96561
99287
99883
100226
101510
103690
105559
106370
107806
110662
114615
115713
118168
121225
122586
123214
132908
134676
137722
138119
140110
146891
148305
153948
155864
156889
158189
158190
158878
159087
160488
160490
160492
162425
163164
164757
166314
167539
167542
167546
167555
167879
169963
170187
171101
176279
176280
176299
177416
177437
177439
178306
180281
182082
184922
186497
187272
187410
187420
188626
188937
189518
190192
190304
190485
190486
190650
192222
192952
194439
195103
196162
196164
196627
197221
198094
198214
198628
198804
199310
203119
203120
203122
203123
203124
203267
203275
203907
204536
204669
204773
205914
205918
205920
205922
206672
207559
207949
207954
208596
208964
210007
211110
211586
212042
212717
213810
214092
214684
216432
216591
216594
216595
216596
216895
218491
218493
218495
218497
220341
220664
220668
221109
221988
222891
222929
223283
223926
224308
224324
224325
224326
224911
224914
224915
225849
225937
226185
226186
226900
227377
227882
227941
228399
228405
228410
228908
229533
232348
232721
233412
234267
234621
234826
234831
235279
235909
240015
240016
240176
240292
242619
243090
243159
243160
243161
243164
243230
243231
243232
243233
243265
243272
243273
243274
243275
243276
243277
243365
244592
245014
245018
246194
246195
246196
246197
246199
246200
246410
246969
247156
251221
252305
253839
254945
255470
257310
257313
257314
257363
258594
259536
259564
260799
261292
261317
262316
262543
262719
262723
262724
262768
263358
263820
264198
264199
264201
264202
264462
264730
264731
264732
265072
265311
266117
266264
266265
266779
266834
266835
266940
267377
267608
267671
267747
267748
269084
269482
269484
269796
269797
269798
269799
269800
272557
272558
272559
272560
272561
272562
272563
272568
272569
272620
272621
272623
272624
272626
272630
272631
272632
272633
272635
272843
272844
272942
272943
272947
272951
273057
273063
273068
273075
273116
273119
273121
278197
279010
279238
279714
279808
281090
281689
283165
283166
283643
283942
284590
284593
284813
287752
288000
288705
289376
289397
290315
290317
290318
290338
290339
290340
290397
290398
290399
290400
290402
290434
290512
290633
291272
292414
292415
292459
292805
293613
293614
293826
294746
294747
296591
297246
298386
298653
298654
300852
304371
306254
306263
306537
306901
306902
309798
309799
309800
309801
309803
309807
311402
311403
311424
312153
312284
312309
313590
313594
313595
313596
313598
313603
313606
313612
313624
313625
313628
314225
314230
314231
314232
314254
314256
314260
314262
314265
314271
314275
314276
314277
314278
314282
314292
314315
314345
314565
314607
314608
314723
314724
315456
315730
315749
315750
316055
316056
316057
316058
316067
316273
316274
316275
316278
316279
316385
316407
317025
317655
318161
318167
318586
318829
319224
319225
319795
320483
320771
321327
321332
321955
322098
322104
322710
323097
323098
323259
323261
323848
323850
324057
324602
324831
324925
325240
326297
326298
326423
326424
326426
326427
326442
329726
330214
330779
331104
331113
331635
331636
331678
331869
333146
333668
333990
334413
335283
335284
335541
335543
335992
336963
338187
338963
338966
338969
339670
339671
339724
339860
340099
340100
340177
342108
342451
342610
342949
343509
344747
345073
345219
347256
347834
348780
349102
349106
349124
349161
349163
349307
349519
349520
349521
349741
350054
350058
350688
351160
351348
351605
351607
351627
351746
352165
352914
353151
353152
353153
353154
354242
355276
357244
357804
357808
357809
358681
360095
360104
360105
360107
360910
360911
362663
362948
362976
363253
365044
365046
365659
366394
366602
367336
367737
367775
367928
368407
368408
369723
370354
370438
371731
372461
373153
373903
374463
374847
375286
375451
376619
376686
377431
377629
378753
378806
379066
379508
379731
380394
380703
380749
381046
381666
381764
382245
382464
382638
382640
383372
383407
384616
384676
384765
386043
386415
387092
387093
387344
387662
388399
388401
388413
388919
390235
390236
390333
390874
391008
391009
391037
391038
391165
391295
391574
391587
391589
391591
391592
391595
391598
391600
391603
391612
391613
391616
391619
391623
391624
391625
391626
391735
391896
392499
392500
393305
393595
394221
394503
395019
395492
395494
395495
395961
395963
395965
396513
396588
396595
397945
397948
398511
398513
398527
398578
398579
398580
398720
398767
399549
399550
399739
399741
399742
399795
400668
400682
401053
401473
401526
402612
402626
402880
402881
403833
404380
404589
405566
405948
406327
406817
406818
408672
410358
410359
411154
411462
411463
411464
411465
411468
411469
411471
411474
411483
411490
411684
411903
412030
412133
412419
412597
412965
413404
414684
415426
416269
416348
416591
416870
419610
419665
419947
420245
420246
420247
420336
420662
420890
425104
425265
426114
426117
426355
426368
428125
428126
429009
430066
431895
431943
431947
434131
435258
435590
435591
435832
435837
435838
435842
436017
436114
436308
436717
436907
438753
439235
439292
439375
439481
439493
440497
441620
441768
441769
443143
443144
443152
443218
443254
443255
443906
444157
444158
444177
444612
445932
445970
445971
445972
445973
445974
445975
446462
446465
446466
446468
446469
446470
446471
448385
449447
449673
450851
451757
452471
452637
452638
452652
452662
452863
453591
455632
456320
456442
456481
457396
457398
457405
457421
457424
457425
457427
457429
457570
458233
458817
460265
463191
465515
465817
467200
467705
469008
469371
469378
469381
469382
469383
469595
469596
469606
469610
469613
469615
469616
469617
469618
470145
470146
471223
471821
471852
471853
471854
471855
471856
471857
471870
472759
476272
477974
478749
478801
479431
479432
479433
479434
479435
479436
479437
481448
481743
481805
483215
483219
484018
484019
484022
485913
485914
485915
485916
485917
485918
486041
487796
487797
488538
489653
489825
490899
491915
491916
491952
496833
497964
497965
498211
498217
498742
498761
498848
499177
499229
500485
500633
500635
500637
500639
500640
501479
502025
502347
502558
502779
504472
504474
504728
504832
509190
509191
511062
511145
511437
511680
511995
512564
515618
515620
515622
515635
515849
517417
517418
517722
518637
518766
519441
519442
521000
521003
521010
521011
521045
521095
521096
521097
521098
521460
521674
522306
522373
522772
523791
523794
523846
523850
525146
525244
525245
525246
525254
525255
525256
525257
525260
525263
525264
525268
525282
525309
525318
525365
525366
525367
525373
525378
525379
525897
525898
525903
525904
525909
525919
526218
526221
526222
526224
526225
526226
526227
529507
529709
530564
531844
533240
533247
535289
536019
536227
536233
537007
537011
537013
537021
537970
537971
537972
543526
543728
543734
545693
545694
545695
546262
546263
546266
546267
546268
546269
546270
546271
546274
546275
546414
547042
547043
547045
547558
547559
548476
548477
550540
551115
552396
552398
552531
552811
553171
553174
553175
553177
553178
553184
553190
553204
553207
553217
553218
553219
553220
553480
553973
555079
555088
555217
555778
555779
556261
556263
556267
556268
556269
557598
557599
557723
561007
561180
561229
561230
561231
562970
562981
562982
562983
563008
563037
563038
563040
563192
565034
565575
565655
566461
568703
568816
568817
570417
572263
572265
572477
572478
572479
572480
572544
572546
572547
573061
573063
573064
573065
573370
573413
573569
573729
573826
574087
574556
575540
575564
575584
575586
575587
575588
575589
575590
575593
575594
575606
575609
575611
575614
575615
575788
577650
578455
578458
579137
579138
579405
580327
580331
580332
580340
582402
582744
582899
583345
583355
583356
584708
585198
585202
585394
585501
585502
585503
585506
585524
585528
585529
585530
585531
585543
588581
589865
589924
590409
590998
591001
591019
591157
591158
591159
591167
592015
592027
592028
592031
592316
593117
593907
595494
595499
595537
596151
596154
596315
596319
596320
596323
596324
596327
596328
596329
596330
598659
600809
604354
608506
608534
608538
610130
613026
619693
621372
622312
626369
626418
626522
626523
626939
627192
629741
632292
632335
632518
632772
633131
633147
633148
633149
633697
634176
634177
634452
634497
634498
634499
634500
634503
634504
634956
634994
635013
637389
637905
637910
637911
638300
638301
638302
638303
639282
639283
640081
640132
640510
640511
640512
640513
641146
641147
641149
641491
641892
642492
643562
643648
643867
644076
644107
644223
644281
644282
644283
644284
644295
644548
644966
645127
645465
645512
645991
647113
648757
648996
649349
649638
649639
649743
649754
649761
649764
650150
652103
653045
653733
655811
655812
655813
655815
656024
656519
657309
657313
657314
657318
657319
657321
657322
657323
657324
658086
658088
658172
658187
658655
658659
660470
661367
662755
663202
663278
663331
663952
665029
665571
665959
666510
666681
666684
667014
667015
667128
667129
670487
675635
675812
675813
675814
675815
675816
675817
676032
679189
679190
679191
679192
679197
679897
679901
679926
679937
680198
680646
682634
682795
685035
685727
688245
688246
688269
688270
690566
690850
693661
693746
693977
693979
694427
694429
694569
696125
696127
696369
696747
697281
697282
697303
697329
698737
698757
698964
699184
699218
699246
700015
700598
701176
701347
701521
702113
702438
702450
706191
706433
706434
706436
706437
708616
709032
709986
709991
710393
710685
710696
712898
712938
713887
714313
714943
714995
715225
715226
715451
716541
716544
717231
717606
717608
717773
717774
717785
717959
717960
717962
718252
718254
718255
720554
720555
722438
741091
742159
742723
742740
742766
742767
742821
743299
743525
743718
743720
743721
743722
743965
744872
744980
745277
747365
747682
748224
748671
748727
749222
749414
749927
754027
754252
755731
755732
756067
756272
756883
757424
759362
759914
760011
760142
760192
760568
761193
762051
762376
762550
762903
762948
762963
762982
762983
762984
763034
764298
764299
765123
765177
765420
765698
765910
765952
767031
767100
768066
768670
768679
768706
768726
771870
795359
795797
796620
797209
797210
856793
857087
857571
858215
858619
859194
859654
860228
861208
861360
861557
862514
862515
862517
862719
862751
862908
862965
864563
864564
864565
864567
864570
865938
866771
866774
866775
866776
867900
867903
868131
868864
869209
869210
871237
871271
871585
873448
873449
873517
873533
875328
876142
879243
879305
879308
879309
879310
880070
880072
880447
880724
881621
882102
882378
882884
886377
886882
887324
887325
887327
887898
887929
888048
888049
888052
888056
888057
888059
888060
888741
888742
888743
888746
888832
888833
889201
889513
891391
891974
903503
903510
903814
904293
904294
904296
904306
906968
907239
907931
907965
908337
908338
908340
908612
908937
910313
910314
911045
911104
913848
926562
926569
927666
929506
930171
930942
930945
930946
931626
931890
933115
933801
936140
936155
937774
940190
940615
941770
944547
944559
944560
944562
944564
944565
945021
945543
945712
977880
979556
981222
981383
983544
983545
983548
983920
984892
985002
985053
985665
985867
986075
990316
991905
992406
996637
997346
997352
997353
997830
998088
999541
999630
1000569
1000570
1000588
1001530
1001585
1002339
1002672
1002804
1003195
1003200
1004836
1005048
1005057
1005058
1005090
1005705
1006006
1006551
1007104
1007105
1008459
1009370
1026882
1027292
1028307
1028803
1028805
1029718
1031711
1032480
1033802
1033806
1033810
1033837
1034807
1034808
1035184
1035188
1035189
1036673
1036674
1037409
1040964
1041504
1041826
1042156
1042163
1042876
1042877
1045854
1045855
1045856
1045858
1046627
1046629
1048834
1051632
1051646
1052684
1054460
1064535
1064539
1064592
1069533
1071378
1071381
1074889
1075399
1082931
1085623
1097668
1104324
1110509
1111069
1111676
1112204
1114970
1116231
1116375
1117943
1127134
1129369
1133850
1142511
